
train results
greedy
loss  0.00104899099097 67.11 64.71 65.89
loss  0.000994162284769 66.92 65.84 66.38

validation results

greedy
loss 0.00137298787013 60.66 55.54 57.99
loss  0.00117611675523 63.27 59.8 61.48
loss  0.00104899099097 64.66 62.43 63.53
loss  0.000994162284769 65.62 64.48 65.05
loss  0.000898664875422 65.86 65.29 65.58
loss  0.000887881440576 65.84 65.41 65.63
loss  0.000886002439074 65.97 65.54 65.75

viterbi
loss 0.00137298787013 60.43 55.85 58.05
loss  0.00117611675523 63.21 59.86 61.49
loss  0.00104899099097 64.92 62.68 63.78
loss  0.000994162284769 65.29 64.11 64.69
loss  0.000898664875422 66.09 65.54 65.81
loss  0.000887881440576 66.48 66.0 66.24


test results

greedy

loss  0.00224166736007 47.03 28.2 35.26
loss  0.00184134067968 52.0 42.54 46.8
loss  0.00169496261515 55.38 45.33 49.85
loss  0.00168037775438 56.3 46.32 50.82
loss  0.00160327146295 53.27 46.56 49.69
loss  0.00159401679412 54.91 46.32 50.25
loss  0.00157732283697 55.91 46.67 50.87
loss  0.00155942945275 55.07 46.7 50.54
loss  0.00152246444486 55.97 47.41 51.34
loss  0.00151350826491 55.9 47.44 51.33
loss  0.00147200515494 57.22 49.56 53.12
loss  0.00137216877192 59.36 54.32 56.73
loss  0.00134662538767 59.33 54.6 56.86
loss  0.00133909378201 59.35 54.6 56.88
loss  0.00117611675523 62.43 57.35 59.78
loss  0.00104899099097 63.65 60.06 61.81
loss  0.000994162284769 65.07 62.11 63.55
loss  0.000898664875422 65.02 62.57 63.77
loss  0.000887881440576 64.57 62.64 63.59
loss  0.000886002439074 64.67 62.78 63.71

viterbi


loss  0.00224166736007 50.68 30.17 37.83
loss  0.00137298787013 59.73 52.91 56.11
loss  0.00104899099097 63.69 60.1 61.84
loss  0.000994162284769 65.52 62.57 64.01
loss  0.000898664875422 65.31 62.92 64.09
loss  0.000887881440576 65.47 63.55 64.5